00 00 e8 15 bb 75 00 20 18 66 c6 02 00 2f f0 f0 03 2c 00 ff ef 0e 17 85 00 4f 00 85 00 4d 34 20
00 20 18 66 c6 02 00 00 e8 15 bb 75 00 03 f0 f0 7f 20 20 20 20 20 20 20 20 20 20 20 20 20 20 20
00 00 e8 15 bb 75 00 20 18 66 c6 02 00 03 f0 f1 73 20 20 20 20 20 20 20 20 20 20 20 20 20 20 20
00 20 18 66 c6 02 00 00 e8 15 bb 75 00 04 f0 f0 01 01 20 20 20 20 20 20 20 20 20 20 20 20 20 20
00 00 e8 15 bb 75 00 20 18 66 c6 02 00 04 f0 f1 01 01 20 20 20 20 20 20 20 20 20 20 20 20 20 20
00 20 18 66 c6 02 00 00 e8 15 bb 75 00 12 f0 f0 00 01 0e 00 ff ef 19 8f bc 05 85 00 4f 00 85 4f
00 00 e8 15 bb 75 00 20 18 66 c6 02 00 12 f0 f0 00 03 0e 00 ff ef 17 81 bc 05 4f 00 85 00 4f 85
00 00 e8 15 bb 75 00 20 18 66 c6 02 00 04 f0 f1 01 03 20 20 20 20 20 20 20 20 20 20 20 20 20 20
00 00 e8 15 bb 75 00 20 18 66 c6 02 00 04 f0 f0 01 05 20 20 20 20 20 20 20 20 20 20 20 20 20 20
00 20 18 66 c6 02 00 00 e8 15 bb 75 00 04 f0 f1 01 03 20 20 20 20 20 20 20 20 20 20 20 20 20 20
00 00 e8 15 bb 75 00 20 18 66 c6 02 00 5f f0 f0 02 04 0e 00 ff ef 16 0c 00 00 28 00 28 00 4f 85
00 20 18 66 c6 02 00 00 e8 15 bb 75 00 04 f0 f1 01 04 20 20 20 20 20 20 20 20 20 20 20 20 20 20
00 20 18 66 c6 02 00 00 e8 15 bb 75 00 04 f0 f0 01 05 20 20 20 20 20 20 20 20 20 20 20 20 20 20
00 00 e8 15 bb 75 00 20 18 66 c6 02 00 04 f0 f1 01 05 20 20 20 20 20 20 20 20 20 20 20 20 20 20
00 20 18 66 c6 02 00 00 e8 15 bb 75 00 86 f0 f0 04 04 0e 00 ff ef 16 0c 00 00 28 00 28 00 85 4f
00 00 e8 15 bb 75 00 20 18 66 c6 02 00 46 f0 f0 04 06 0e 00 ff ef 16 0c 00 00 28 00 28 00 4f 85
00 20 18 66 c6 02 00 00 e8 15 bb 75 00 04 f0 f0 01 07 20 20 20 20 20 20 20 20 20 20 20 20 20 20
00 00 e8 15 bb 75 00 20 18 66 c6 02 00 04 f0 f1 01 07 20 20 20 20 20 20 20 20 20 20 20 20 20 20
00 20 18 66 c6 02 00 00 e8 15 bb 75 00 78 f0 f0 06 06 0e 00 ff ef 16 0c 00 00 28 00 28 00 85 4f
00 00 e8 15 bb 75 00 20 18 66 c6 02 00 04 f0 f1 01 08 20 20 20 20 20 20 20 20 20 20 20 20 20 20
00 00 e8 15 bb 75 00 20 18 66 c6 02 00 04 f0 f0 01 09 20 20 20 20 20 20 20 20 20 20 20 20 20 20
00 20 18 66 c6 02 00 00 e8 15 bb 75 00 04 f0 f1 01 07 20 20 20 20 20 20 20 20 20 20 20 20 20 20
00 00 e8 15 bb 75 00 20 18 66 c6 02 00 be f0 f0 06 08 0e 00 ff ef 16 0c 00 00 28 00 28 00 4f 85
00 20 18 66 c6 02 00 00 e8 15 bb 75 00 78 f0 f0 08 08 0e 00 ff ef 16 0c 00 00 28 00 28 00 85 4f
00 00 e8 15 bb 75 00 20 18 66 c6 02 00 04 f0 f1 01 0a 20 20 20 20 20 20 20 20 20 20 20 20 20 20
00 00 e8 15 bb 75 00 20 18 66 c6 02 00 be f0 f0 08 0a 0e 00 ff ef 16 0c 00 00 28 00 28 00 4f 85
00 20 18 66 c6 02 00 00 e8 15 bb 75 00 12 f0 f0 0a 0b 0e 00 ff ef 14 00 00 00 28 00 00 00 85 4f
00 00 e8 15 bb 75 00 20 18 66 c6 02 00 04 f0 f1 01 0d 20 20 20 20 20 20 20 20 20 20 20 20 20 20
00 20 18 66 c6 02 00 00 e8 15 bb 75 00 04 f0 f0 01 0b 20 20 20 20 20 20 20 20 20 20 20 20 20 20
00 00 e8 15 bb 75 00 20 18 66 c6 02 00 04 f0 f1 20 20 20 20 20 20 20 20 20 20 20 20 20 20 20 20
00 00 e8 15 bb 75 00 20 18 66 c6 02 00 04 f0 f1 01 0f 20 20 20 20 20 20 20 20 20 20 20 20 20 20
00 20 18 66 c6 02 00 00 e8 15 bb 75 00 04 f0 f1 01 0d 20 20 20 20 20 20 20 20 20 20 20 20 20 20
00 20 18 66 c6 02 00 00 e8 15 bb 75 00 12 f0 f0 0e 0d 0e 00 ff ef 14 00 00 00 28 00 00 00 85 4f
00 20 18 66 c6 02 00 00 e8 15 bb 75 00 04 f0 f0 01 0d 20 20 20 20 20 20 20 20 20 20 20 20 20 20
00 00 e8 15 bb 75 00 20 18 66 c6 02 00 04 f0 f1 01 11 20 20 20 20 20 20 20 20 20 20 20 20 20 20
00 20 18 66 c6 02 00 00 e8 15 bb 75 00 12 f0 f0 10 0d 0e 00 ff ef 18 00 00 00 00 00 00 00 85 4f
00 00 e8 15 bb 75 00 20 18 66 c6 02 00 04 f0 f1 01 13 20 20 20 20 20 20 20 20 20 20 20 20 20 20
00 20 18 66 c6 02 00 00 e8 15 bb 75 00 03 f0 f0 53 20 20 20 20 20 20 20 20 20 20 20 20 20 20 20
00 00 e8 15 bb 75 00 20 18 66 c6 02 00 03 f0 f1 73 20 20 20 20 20 20 20 20 20 20 20 20 20 20 20
